1005645
1013283
1013631
1014913
1015083
1016268
1019264
1022837
1023391
1034196
1034247
1035350
1035422
1036743
1037976
1041718
1041815
1041973
1043029
1045463
1045810
1045957
1049854
1052058
1052192
1055365
1056823
1058307
1058811
1064150
1065138
1067621
1068987
1070844
1071571
1073894
1074773
1079847
1079848
1081714
1081715
1081717
1085393
1085476
1086477
1091667
1092348
1095155
1096343
1102113
1105889
1106566
1106578
1111318
1113203
1113260
1118957
1121257
1122672
1125060
1127508
1133264
1134557
1134655
1134657
1142244
1144269
1156899
1162870
1165737
1166152
1168602
1168756
1174746
1174957
1175523
1175525
1175746
1175873
1177319
1178032
1179684
1179705
1180004
1180008
1180459
1180592
1180610
1181114
1181223
1182451
1182458
1183121
1184158
1184251
1184754
1184766
1184810
1185675
1186102
1186173
1186630
1186643
1186742
1187452
1187574
1188266
1188567
1189019
1189242
1189278
1190099
1190854
1191719
1191930
1192042
1193202
1193424
1196053
1197257
1197853
1197984
1198068
1198477
1200461
1200753
1201010
1201087
1201187
1201236
1201282
1202358
1202390
1202769
1203464
1205885
1206878
1207221
1208109
1209162
1209751
1210010
1211257
1211437
1212502
1213947
1214496
1214501
1214607
1214661
1215315
1215547
1215915
1216761
1217496
1217614
1218470
1218502
1219204
1221359
1222028
1222378
1222922
1223017
1223872
1225585
1226358
1228754
1229243
1230418
1230440
1230724
1230846
1231212
1232246
1233367
1235598
1235635
1235976
1236030
1236641
1237564
1239501
1239575
1239849
1240807
1240810
1245542
1245563
1247944
1247952
1249554
1249802
1250513
1250808
1250840
1250881
1251036
1251145
1251544
1251824
1253138
1253820
1254550
1255283
1256088
1256109
1256324
1256358
1256520
1257238
1257391
1257950
1258554
1259185
1261301
1261333
1264473
1266490
1266604
1268528
1269312
1270925
1273693
1273871
1274974
1275746
1275993
1277031
1277589
1277624
1278386
1278387
1278521
1278951
1279631
1283718
1283774
1283775
1283968
1284309
1285453
1286593
1286655
1287040
1289244
1291937
1292207
1293818
1295059
1295401
1296796
1299473
1299634
1299637
1299903
1302110
1304280
1305052
1305758
1307631
1309344
1309416
1313188
1315082
1316004
1317406
1318885
1322552
1323134
1323963
1324069
1325277
1325533
1325814
1328600
1331843
1331850
1331860
1333551
1333570
1334769
1334944
1335639
1337856
1340823
1341778
1343297
1343531
1343687
1343858
1345099
1346543
1346824
1349033
1349264
1349297
1350061
1351380
1352851
1353439
1360712
1361347
1361935
1364333
1364419
1367083
1368889
1370014
1371144
1371472
1371973
1377013
1377409
1377477
1378406
1378435
1379160
1379344
1379623
1380615
1380710
1380896
1380904
1384859
1386671
1387196
1388390
1389308
1392259
1393818
1394403
1394884
1404071
1404402
1404912
1406386
1406656
1407451
1407718
1407737
1408159
1408736
1408870
1410551
1411457
1412321
1413525
1415739
1418226
1419425
1421897
1423905
1423983
1424106
1425980
1426641
1427106
1431244
1431678
1433542
1435626
1435627
1436534
1437134
1437237
1437908
1438029
1438253
1440955
1441386
1442861
1443080
1443284
1443646
1444618
1444810
1445826
1447933
1448795
1449433
1449439
1451455
1451824
1452337
1452692
1454884
1455863
1456412
1457012
1463490
1464185
1464186
1464249
1464559
1464695
1464929
1465912
1468316
1469336
1471783
1472457
1472694
1472698
1473930
1475483
1475597
1476755
1477037
1477972
1479078
1483232
1483757
1484729
1484870
1485472
1487159
1490476
1492029
1492231
1492647
1492840
1495541
1496402
1497483
1497617
1497810
1497824
1498441
1500401
1501993
1503311
1503888
1504649
1505888
1506043
1506219
1507473
1508155
1508753
1509318
1509874
1509991
1510281
1511194
1511393
1511893
1512398
1512868
1513030
1513142
1513841
1513988
1514225
1514954
1515132
1515140
1517140
1518884
1519641
1520206
1520575
1520693
1520776
1521019
1521036
1522750
1524273
1524349
1525358
1526957
1527033
1527106
1527352
1527937
1528153
1528185
1528617
1528681
1529123
1529370
1529735
1530038
1530803
1530997
1531051
1531059
1532601
1534107
1534787
1535246
1535264
1535772
1536137
1536588
1537529
1538372
1538408
1538637
1539061
1539145
1539835
1539838
1540655
1541201
1541785
1543112
1543459
1543760
1543816
1544002
1544115
1544624
1544647
1545057
1546358
1546374
1549797
1550169
1550172
1550220
1552054
1552282
1552411
1552968
1553595
1553855
1554853
1556505
1558242
1558259
1558921
1560839
1562223
1564521
1564932
1565450
1565707
1566391
1566491
1567241
1567459
1568163
1568921
1568923
1569064
1569625
1569904
1570211
1570212
1570337
1571521
1571970
1572000
1572364
1572983
1573235
1573338
1575056
1575937
1576146
1576244
1577369
1577612
1579184
1579383
1580484
1580807
1582683
1583187
1583886
1584102
1584349
1585680
1585858
1586695
1587874
1588859
1588894
1588901
1589827
1591178
1592491
1593049
1593052
1593437
1593897
1594577
1594609
1594960
1595855
1596281
1596522
1597399
1597415
1597649
1597857
1597870
1599156
1599286
1600223
1600301
1601099
1602532
1602575
1603333
1604867
1605808
1606410
1606525
1607406
1607841
1607889
1608347
1608933
1609492
1609493
1609495
1610440
1610742
1611145
1611385
1611405
1611679
1611983
1612551
1612982
1613084
1613133
1613438
1613718
1613921
1614724
1615216
1615515
1615842
1617514
1618762
1618764
1619679
1619841
1620264
1620368
1620924
1621183
1621224
1622058
1622077
1622765
1622902
1622908
1625210
1625824
1626763
1626970
1627311
1627324
1627510
1628098
1629897
1630039
1632071
1632074
1632438
1632725
1632833
1634372
1635153
1635440
1635442
1635444
1635752
1638680
1638911
1639857
1640089
1640286
1640967
1640972
1641171
1641792
1642080
1642866
1643898
1644207
1645330
1645511
1645769
1645969
1646981
1647141
1648837
1648839
1650272
1651902
1654770
1655148
1655154
1655155
1655400
1655968
1656600
1657365
1658818
1659851
1661915
1662085
1662210
1664211
1664294
1665618
1666463
1666664
1666968
1667071
1667559
1667937
1668017
1668689
1669220
1669639
1669983
1670157
1670492
1671122
1671507
1672279
1672565
1672566
1672568
1673005
1673966
1674067
1674621
1675087
1675629
1675729
1675921
1676170
1676292
1677721
1677876
1677909
1678419
1679130
1680728
1680809
1682154
1682436
1682988
1684062
1684171
1686308
1686873
1686894
1687181
1687951
1689315
1689575
1691868
1691983
1692471
1692547
1692560
1693925
1694295
1694481
1696654
1696660
1696702
1696783
1696790
1696979
1698097
1698231
1698262
1698310
1698660
1698661
1699471
1699629
1700110
1700226
1700542
1700544
1700551
1700836
1701187
1701689
1701768
1701994
1702122
1706050
1706290
1706496
1707112
1707797
1707990
1708000
1709137
1709329
1709900
1710066
1710239
1710737
1712091
1712360
1712601
1713207
1713369
1713893
1714214
1714603
1715153
1715429
1715531
1716048
1716360
1716770
1717275
1718133
1718156
1718217
1718376
1719217
1719228
1719757
1719912
1720104
1720348
1721010
1722140
1723433
1723472
1723524
1723787
1723793
1723829
1726854
1726988
1727334
1727425
1727564
1727711
1728970
1729127
1729129
1729171
1729360
1729377
1729504
1729505
1729518
1730038
1730048
1730145
1730421
1731171
1731509
1732127
1732534
1732994
1733464
1734438
1734563
1734726
1734743
1734770
1734817
1734944
1734961
1735323
1735465
1735863
1736565
1737364
1737568
1737652
1737657
1737659
1737783
1737859
1738290
1738830
1739859
1740858
1741474
1741553
1741660
1741853
1742064
1742455
1742502
1742936
1742979
1743276
1743290
1743754
1744662
1744936
1744937
1745295
1745554
1746298
1747310
1747745
1748676
1749914
1750050
1751804
1754159
1754351
1754444
1754445
1754447
1754743
1754857
1754991
1755446
1756164
1756330
1756331
1756980
1757770
1759710
1760582
1760676
1760857
1763825
1764007
1764417
1764897
1765021
1765056
1765069
1765091
1765496
1765696
1766340
1766820
1766850
1766886
1767017
1767114
1767115
1767116
1767205
1767343
1767858
1768384
1769053
1769490
1769651
1769664
1769842
1770474
1771172
1771498
1771587
1771954
1772159
1772874
1773152
1773374
1773816
1773840
1773914
1773994
1774173
1774788
1774821
1775052
1775345
1775438
1775596
1775877
1777015
1777164
1777342
1777347
1777962
1778728
1778909
1779463
1779578
1779990
1780117
1780396
1780525
1780798
1780948
1781439
1781805
1782135
1782400
1782435
1783060
1783061
1783464
1783787
1783879
1785237
1785549
1785725
1786335
1786612
1787579
1787613
1788438
1788616
1789719
1789958
1790634
1790890
1790891
1790959
1791042
1791493
1791707
1791816
1791820
1791889
1792061
1792549
1793496
1793548
1794578
1795052
1795139
1795339
1795452
1795497
1795710
1795815
1798309
1798383
1798457
1798480
1799442
1799447
1800663
1801386
1802528
1802695
1803365
1803391
1803509
1803666
1804081
1804143
1805287
1805339
1805735
1806298
1806766
1807121
1807622
1807986
1807992
1808439
1809344
1809722
1810040
1810201
1810204
1810231
1811762
1812734
1813058
1813372
1814533
1814777
1815442
1816321
1816333
1816887
1817285
1817646
1818701
1818702
1818714
1819680
1819796
1820059
1820491
1820515
1820655
1821096
1821479
1822629
1823197
1823479
1825187
1825627
1825628
1825659
1826731
1827021
1827663
1827853
1828178
1828214
1828762
1828780
1829231
1830204
1830481
1830496
1830953
1831096
1831667
1831834
1831914
1832416
1832610
1832617
1832810
1833508
1833511
1833683
1833751
1834021
1834147
1834171
1834202
1834450
1834902
1835544
1836430
1836829
1836988
1837336
1837798
1838102
1839059
1839250
1839391
1840438
1840441
1841079
1841189
1841271
1841430
1841557
1842687
1842702
1842766
1843103
1843104
1843196
1843661
1844495
1845031
1845674
1845688
1845711
1845872
1846013
1846144
1846998
1848395
1848498
1848500
1848565
1849229
1849650
1849806
1849900
1849957
1850165
1850270
1850901
1850910
1850981
1851420
1851432
1851564
1852540
1852578
1854086
1854827
1854932
1854950
1855199
1855623
1855828
1855880
1856079
1856912
1857146
1857469
1857743
1857859
1858326
1858403
1858646
1859732
1860866
1860902
1861120
1861216
1861359
1861792
1861892
1861996
1862007
1862057
1862130
1862510
1862535
1863107
1863467
1863498
1864748
1865076
1865418
1865774
1865783
1866018
1866132
1866177
1866673
1867755
1867860
1868366
1868392
1869115
1869640
1869695
1869916
1870648
1870968
1870985
1871118
1871232
1871957
1872661
1873027
1873034
1873879
1873905
1874962
1875168
1876592
1877215
1877221
1877346
1877428
1877468
1877482
1878366
1879013
1880358
1880618
1882294
1882313
1882913
1882917
1883293
1883360
1883367
1883427
1883840
1883932
1885449
1885455
1885701
1885900
1886438
1887606
1888862
1888993
1889539
1890819
1891185
1891456
1891684
1892127
1892128
1892175
1893153
1894209
1894252
1894505
1897057
1897201
1897415
1898314
1898644
1899295
1900113
1900445
1900772
1901565
1904404
1904413
1904934
1905960
1907705
1908422
1908873
1908895
1908953
1908962
1909090
1909226
1909362
1910412
1910615
1910874
1911779
1912562
1912570
1912676
1912810
1913038
1913317
1914275
1915431
1915755
1916877
1918822
1918874
1919883
1920246
1920424
1920839
1920991
1921260
1922318
1924613
1924616
1924949
1926221
1927262
1927975
1928633
1929371
1929448
1930044
1930214
1930702
1932162
1932516
1932651
1932653
1932843
1932878
1932967
1933011
1933305
1934887
1934966
1935476
1937926
1939329
1940272
1940536
1940704
1940945
1941907
1941908
1941997
1942633
1943462
1944249
1944325
1945330
1945536
1946212
1946413
1946505
1946763
1948507
1948603
1949999
1950068
1950466
1950633
1951605
1951912
1952158
1953218
1953387
1954164
1954272
1955281
1955549
1955972
1956686
1957241
1959547
1959730
1959770
1960894
1961103
1961294
1961798
1961877
1962136
1963040
1963441
1963529
1964544
1964760
1964990
1965259
1965320
1965420
1966097
1966223
1966264
1966363
1966381
1966850
1966865
1967056
1967113
1967415
1969435
1969488
1969781
1969784
1969821
1970265
1971624
1971695
1972314
1972752
1972890
1972990
1973229
1973355
1973390
1973622
1974200
1974639
1975404
1975427
1975897
1976021
1976090
1976175
1976551
1976915
1977970
1978001
1978139
1978187
1978273
1978431
1978852
1979324
1980217
1980477
1980478
1981100
1981185
1982664
1982687
1983475
1983637
1983933
1984045
1985367
1985547
1985604
1985638
1986022
1987188
1987257
1988564
1989580
1989656
1991125
1991132
1991395
1992147
1992270
1992469
1992568
1992622
1992779
1992819
1992926
1993081
1994188
1994757
1995363
1995525
1995535
1997868
1998256
1998622
1998915
1999511
1999732
2001617
2002867
2003164
2003368
2003491
2003512
2003746
2004222
2004302
2004307
2004397
2004480
2005037
2005039
2005520
2005602
2005790
2006065
2006362
2006414
2006612
2006614
2006974
2008679
2008723
2008855
2008859
2008869
2009044
2009082
2009094
2009104
2009129
2009280
2009522
2009629
2009716
2009717
2010099
2010224
2011148
2012055
2012791
2012862
2012976
2013479
2014798
2014820
2015536
2016034
2016236
2016350
2016416
2017690
2019042
2020172
2020876
2020905
2021239
2021243
2021281
2021433
2021786
2022093
2022203
2022891
2022936
2023038
2024006
2024183
2024204
2024870
2025342
2025619
2025889
2026090
2026120
2026373
2026385
2026411
2026663
2027026
2027046
2027788
2027839
2028197
2028282
2028403
2028519
2029226
2029261
2029274
2029288
2030240
2030650
2031312
2032275
2032356
2032528
2034747
2034774
2034826
2034835
2034874
2034938
2034939
2034971
2035418
2035547
2035763
2036060
2036402
2036938
2037473
2037701
2039135
2039201
2039469
2040967
2041855
2041913
2042056
2042184
2042198
20430
2043204
2043375
2043397
2044249
2044274
2044291
2044453
2045478
2046045
2046223
2046802
2046846
2047675
2047946
2048368
2048377
2049229
2049230
2049352
2049606
2049633
2049742
2049832
2049872
2049958
2050162
2050408
2050704
2051008
2051288
2051327
2051763
2052024
2052205
2052669
2052698
2053703
2054464
2055370
2055606
2056037
2056163
2056588
2057404
2057455
2057473
2057618
2057807
2057997
2058056
2058079
2058296
2058344
2058452
2058536
2059843
2060030
2060511
2060555
2060653
2060780
2061052
2061787
2062403
2062644
2062781
2063236
2064595
2064798
2065008
2065036
2065143
2065260
2065432
2065477
2065633
2065665
2066025
2066374
2066846
2067236
2068080
2068103
2068104
2069203
2070908
2072426
2072428
2072429
2072430
2073970
2074132
2074308
2074428
2074793
2074972
2075456
2075704
2076004
2076120
2076569
2076722
2077837
2078475
2078775
2079364
2079717
2079955
2080056
2080452
2080821
2080996
2081892
2081893
2082132
2082289
2082296
2082547
2082761
2082762
2082930
2083713
2083940
2084455
2084796
2084966
2085975
2086155
2086162
2086236
2086238
2086403
2087488
2087546
2087548
2087822
2089263
2089511
2089730
2089779
2090798
2091046
2091309
2091677
2093048
2093234
2093258
2094716
2094859
2094994
2095068
2095697
2095785
2095973
2096101
2096168
2097200
2097698
2097963
2098163
2099602
2100320
2100843
2101226
2101233
2101417
2101538
2101945
2102046
2102284
2102674
2104077
2104926
2105283
2105287
2105288
2105540
2105820
2105917
2105932
2106210
2106282
2106415
2106590
2106925
2107349
2108306
2108564
2108597
2108784
2108828
2109549
2109979
2109980
2109985
2109986
2109987
2110366
2110367
2110368
2110501
2110518
2111204
2111448
2111899
2112139
2113252
2113552
2113698
2113775
2113784
2113870
2113903
2114019
2114031
2114142
2114288
2114309
2114540
2114557
2114888
2114927
2115154
2116124
2116470
2116471
2116501
2117081
2117241
2117346
2117577
2117642
2118051
2118237
2118348
2119034
2119138
2119638
2119711
2119872
2120101
2120445
2120515
2120917
2121167
2121200
2121274
2121817
2122376
2122401
2122616
2122633
2123054
2123870
2123971
2123975
2124165
2124486
2124568
2124855
2125773
2126186
2126208
2126227
2126544
2126691
2127378
2127713
2127715
2127938
2128529
2129315
2129554
2129893
2130055
2130065
2130150
2130246
2130310
2131176
2131198
2131313
2131381
2131383
2131922
2132038
2132472
2132581
2132651
2132799
2132854
2132998
2133054
2133115
2133150
2133423
2133603
2133719
2133820
2133912
2133938
2133947
2134093
2134228
2134526
2134551
2135156
2135437
2135681
2135805
2135878
2136182
2136238
2136426
2136430
2136437
2136758
2136917
2137002
2137420
2137640
2137771
2138020
2138037
2138039
2138050
2138051
2138464
2138568
2138876
2139054
2139245
2139379
2139956
2140252
2140569
2140659
2141079
2141393
2141536
2141628
2141914
2141916
2141919
2142087
2142306
2142452
2142576
2142618
2142679
2142843
2143744
2144081
2144382
2144747
2144852
2145545
2145578
2145730
2145788
2146115
2146176
2146259
2146311
2146375
2146403
2146436
2146456
2146617
2146739
2146756
2146757
2146930
2147119
2147207
2147251
2147255
2147266
2147313
2147846
2147852
2148099
2148231
2148296
2148329
2148519
2148725
2148897
2149340
2149544
2149788
2149815
2150201
2150555
2150607
2150747
2151126
2151138
2151178
2151436
2151437
2151473
2151474
2151486
2151490
2151491
2151494
2151639
2151692
2151792
2151895
2151901
2151912
2152018
2152033
2152204
2152839
2153072
2153270
2153293
2153297
2153327
2153453
2153665
2153675
2153775
2154126
2154147
2154234
2154493
312069
314984
319687
350698
352915
52234
70858
716314
726865
728889
773485
773840
777917
827187
850401
854157
854241
855630
869013
878519
883237
885978
887739
898860
902012
903063
903201
903947
905112
905591
906134
914208
922147
927942
927943
934639
935596
936828
937318
937797
938071
938543
938759
940805
942082
947724
9712
9713
