1043029
1045957
1168756
1175873
1177319
1211257
1232246
1250808
1259185
1316004
1331860
1334944
1337856
1343531
1361347
1368889
1370014
1371144
1394884
1404402
1424106
1437237
1444618
1454884
1503888
1504649
1511893
1512398
1529370
1530038
1572000
1580807
1599156
1612551
1613921
1627311
1668689
1672279
1674621
1691983
1696979
1698262
1699471
1699629
1709137
1727564
1734743
1735323
1737568
1738830
1742502
1744662
1747745
1767858
1769053
1771498
1774173
1777342
1789958
1795339
1795710
1805339
1825187
1830204
1831667
1852540
1856912
1861892
1863107
1876592
1877468
1885455
1897057
1916877
1926221
1940536
1942633
1946505
1950068
1960894
1966264
1975427
1978852
1989580
1991395
1992469
2006065
2006614
2014798
2017690
2022203
2023038
2026385
2029261
2030240
2035763
2037473
2041855
2041913
2049229
2058344
2065633
2066846
2068080
2076120
2076569
2080452
2093258
2096101
2108597
2108784
2111204
2119638
2120445
2121274
2121817
2131381
2133423
2135805
2138876
